1 1 10 4500.00
2 0 7 2700.00
3 0 5 3000.00
4 0 5 3600.00
5 0 3 1800.00
6 0 2 1200.00
7 0 0 0.00
8 0 0 0.00
9 0 0 0.00
10 0 0 0.00
11 1 6 1500.00
12 1 5 2180.00
13 0 3 540.00
14 0 1 300.00
15 0 1 270.00
16 0 2 180.00
17 0 0 0.00
18 0 0 0.00
19 0 0 0.00
20 0 0 0.00
21 1 7 4800.00
22 1 10 5400.00
23 1 11 1000.00
24 0 3 270.00
25 0 2 180.00
26 1 4 900.00
27 0 1 100.00
28 0 2 200.00
29 0 0 0.00
30 0 0 0.00
31 0 0 0.00
32 0 0 0.00
33 0 0 0.00
34 0 0 0.00
35 0 0 0.00
36 0 0 0.00
37 0 0 0.00
38 0 0 0.00
39 0 0 0.00
40 0 1 150.00
41 0 0 0.00
42 0 0 0.00
43 0 0 0.00
44 0 0 0.00
45 0 0 0.00
46 0 0 0.00
47 0 0 0.00
48 0 0 0.00
49 0 0 0.00
50 0 0 0.00
